  double point
    m1_drysl_n     3.915162388655806         1.000000         0.000000    
    m1_drysl_p    0.2977526333113043         1.000000         0.000000    
    m2_drysl_n     5.312731046936296         1.000000         0.000000    
    m2_drysl_p    0.1988934314137431         1.000000         0.000000    
    m3_drysl_n     3.603636540370255         1.000000         0.000000    
    m3_drysl_p    0.3428403644909424         1.000000         0.000000    
    m4_drysl_n     2.704911745656023         1.000000         0.000000    
    m4_drysl_p    0.3295790193540502         1.000000         0.000000    
    m5_drysl_n     6.953055983608310         1.000000         0.000000    
    m5_drysl_p    0.3176279916535475         1.000000         0.000000    
    m6_drysl_n     5.058893398911076         1.000000         0.000000    
    m6_drysl_p    0.3010013234726136         1.000000         0.000000    
    m7_drysl_n     6.095997869386332         1.000000         0.000000    
    m7_drysl_p    0.3669773538213991         1.000000         0.000000    
    m8_drysl_n     3.177489210319657         1.000000         0.000000    
    m8_drysl_p    0.5094441058940438         1.000000         0.000000    
    m9_drysl_n     3.735472701463134         1.000000         0.000000    
    m9_drysl_p    0.2370562126500331         1.000000         0.000000    
   m10_drysl_n     4.606282010303014         1.000000         0.000000    
   m10_drysl_p    0.2057183456563516         1.000000         0.000000    
   m11_drysl_n     3.000000000000000         1.000000         0.000000    
   m11_drysl_p    0.1761191459571701         1.000000         0.000000    
   m12_drysl_n     3.756479818110243         1.000000         0.000000    
   m12_drysl_p    0.4118150622443279         1.000000         0.000000    
    m1_wetsl_n     4.510865915360880         1.000000         0.000000    
    m1_wetsl_p    0.6451501587119356         1.000000         0.000000    
    m2_wetsl_n     2.475100135849106         1.000000         0.000000    
    m2_wetsl_p    0.6696768747074860         1.000000         0.000000    
    m3_wetsl_n     1.675569413084325         1.000000         0.000000    
    m3_wetsl_p    0.4654584992804364         1.000000         0.000000    
    m4_wetsl_n     2.556299700526773         1.000000         0.000000    
    m4_wetsl_p    0.6365853084394536         1.000000         0.000000    
    m5_wetsl_n     3.469188391831542         1.000000         0.000000    
    m5_wetsl_p    0.6069615384053114         1.000000         0.000000    
    m6_wetsl_n     3.115250111464483         1.000000         0.000000    
    m6_wetsl_p    0.3393072067630571         1.000000         0.000000    
    m7_wetsl_n     1.830988852381821         1.000000         0.000000    
    m7_wetsl_p    0.4184422242753315         1.000000         0.000000    
    m8_wetsl_n     1.714407941451173         1.000000         0.000000    
    m8_wetsl_p    0.6526271751106262         1.000000         0.000000    
    m9_wetsl_n     2.355907294215807         1.000000         0.000000    
    m9_wetsl_p    0.3353929549624517         1.000000         0.000000    
   m10_wetsl_n     2.381103082918876         1.000000         0.000000    
   m10_wetsl_p    0.5459329374264738         1.000000         0.000000    
   m11_wetsl_n     2.138504952307077         1.000000         0.000000    
   m11_wetsl_p    0.6512751306213146         1.000000         0.000000    
   m12_wetsl_n     2.440332865483639         1.000000         0.000000    
   m12_wetsl_p    0.6921787755056502         1.000000         0.000000    
     m1_pdep_a    0.7837115409758860         1.000000         0.000000    
     m1_pdep_c     1.347633111170500         1.000000         0.000000    
   m1_pdep_sca     5.610609853852632         1.000000         0.000000    
     m2_pdep_a     1.062803150829027         1.000000         0.000000    
     m2_pdep_c     1.341118445314213         1.000000         0.000000    
   m2_pdep_sca     6.391470021107692         1.000000         0.000000    
     m3_pdep_a     1.100735454047688         1.000000         0.000000    
     m3_pdep_c     1.272354996142382         1.000000         0.000000    
   m3_pdep_sca     8.348663906132668         1.000000         0.000000    
     m4_pdep_a     1.101843127926503         1.000000         0.000000    
     m4_pdep_c     1.210980653693744         1.000000         0.000000    
   m4_pdep_sca     6.991410943221600         1.000000         0.000000    
     m5_pdep_a     1.176806796894472         1.000000         0.000000    
     m5_pdep_c     1.534848341733679         1.000000         0.000000    
   m5_pdep_sca     7.508790937219044         1.000000         0.000000    
     m6_pdep_a     1.494046016720638         1.000000         0.000000    
     m6_pdep_c     1.372390726371365         1.000000         0.000000    
   m6_pdep_sca     10.52645546925398         1.000000         0.000000    
     m7_pdep_a     1.048404563404255         1.000000         0.000000    
     m7_pdep_c     1.491669130947536         1.000000         0.000000    
   m7_pdep_sca     9.731293267451120         1.000000         0.000000    
     m8_pdep_a    0.8286900863678252         1.000000         0.000000    
     m8_pdep_c     1.618721168571233         1.000000         0.000000    
   m8_pdep_sca     8.629731575543266         1.000000         0.000000    
     m9_pdep_a     1.101651079078155         1.000000         0.000000    
     m9_pdep_c     1.426794294882264         1.000000         0.000000    
   m9_pdep_sca     10.01386843532882         1.000000         0.000000    
    m10_pdep_a     1.536794107157059         1.000000         0.000000    
    m10_pdep_c     1.294664433648325         1.000000         0.000000    
  m10_pdep_sca     10.00000000000000         1.000000         0.000000    
    m11_pdep_a    0.7814800192944810         1.000000         0.000000    
    m11_pdep_c     1.396406230690366         1.000000         0.000000    
  m11_pdep_sca     6.756062486679516         1.000000         0.000000    
    m12_pdep_a    0.7951754020048494         1.000000         0.000000    
    m12_pdep_c     1.369403585110688         1.000000         0.000000    
  m12_pdep_sca     5.540832599808860         1.000000         0.000000    
  tmax_wet_add     5.098810943474146         1.000000         0.000000    
  tmax_dry_add     6.941519835725408         1.000000         0.000000    
  tmin_wet_add    0.8523552116658896         1.000000         0.000000    
  tmin_dry_add    0.8422783217775328         1.000000         0.000000    
    ev_2yr_max     153.7479198867500         1.000000         0.000000    
    ev_5yr_max     247.6322773540412         1.000000         0.000000    
   ev_10yr_max     255.7052662952905         1.000000         0.000000    
   ev_25yr_max     290.9002966072379         1.000000         0.000000    
   ev_50yr_max     415.4495994011296         1.000000         0.000000    
  ev_100yr_max     498.1388101352216         1.000000         0.000000    
